18041 2018 20180412 20180412 07 08 20 23 24 32 13
18040 2018 20180410 20180410 01 03 08 13 18 23 16
18039 2018 20180408 20180408 08 12 18 19 23 32 03
18038 2018 20180405 20180405 15 23 24 25 28 29 09
18037 2018 20180403 20180403 01 06 07 08 27 30 10
18036 2018 20180401 20180401 08 17 24 26 28 33 04
18035 2018 20180329 20180329 07 10 11 17 23 28 15
18034 2018 20180327 20180327 01 05 11 22 23 26 15
18033 2018 20180325 20180325 04 19 20 22 28 33 06
18032 2018 20180322 20180322 21 22 23 24 25 32 06
18031 2018 20180320 20180320 02 16 18 19 27 30 14
18030 2018 20180318 20180318 13 14 20 21 25 33 07
18029 2018 20180315 20180315 01 02 09 14 22 25 05
18028 2018 20180313 20180313 03 08 11 14 18 23 16
18027 2018 20180311 20180311 02 07 09 14 18 28 05
18026 2018 20180308 20180308 04 07 12 14 26 32 04
18025 2018 20180306 20180306 04 13 16 19 21 25 14
18024 2018 20180304 20180304 11 19 22 26 31 32 02
18023 2018 20180301 20180301 12 15 16 21 26 29 16
18022 2018 20180227 20180227 07 14 19 21 22 23 03
18021 2018 20180225 20180225 03 04 06 11 23 28 14
18020 2018 20180222 20180222 06 09 10 14 28 30 05
18019 2018 20180213 20180213 03 11 12 16 21 23 09
18018 2018 20180211 20180211 02 12 13 18 25 27 07
18017 2018 20180208 20180208 03 06 11 26 30 32 12
18016 2018 20180206 20180206 01 11 12 18 25 27 16
18015 2018 20180204 20180204 11 15 20 21 26 33 15
18014 2018 20180201 20180201 09 12 20 24 28 31 07
18013 2018 20180130 20180130 06 08 13 15 22 33 06
18012 2018 20180128 20180128 11 12 13 19 26 28 12
18011 2018 20180125 20180125 03 10 21 23 27 33 11
18010 2018 20180123 20180123 01 08 17 20 21 22 03
18009 2018 20180121 20180121 05 10 17 23 26 32 07
18008 2018 20180118 20180118 05 09 10 12 17 19 13
18007 2018 20180116 20180116 13 14 20 25 27 31 12
18006 2018 20180114 20180114 02 07 08 09 17 29 11
18005 2018 20180111 20180111 02 20 21 28 31 33 06
18004 2018 20180109 20180109 14 18 19 26 30 31 11
18003 2018 20180107 20180107 01 14 16 17 20 31 04
18002 2018 20180104 20180104 07 18 24 29 31 33 16
18001 2018 20180102 20180102 01 08 11 26 28 31 04
17154 2017 20171231 20171231 05 09 13 15 18 26 05
17153 2017 20171228 20171228 07 11 12 13 18 19 16
17152 2017 20171226 20171226 06 10 23 25 26 29 05
17151 2017 20171224 20171224 02 05 07 09 11 27 16
17150 2017 20171221 20171221 06 14 19 20 21 23 08
17149 2017 20171219 20171219 05 08 15 20 27 30 13
17148 2017 20171217 20171217 04 07 11 14 29 32 12
17147 2017 20171214 20171214 03 07 20 21 25 31 14
17146 2017 20171212 20171212 01 19 25 26 27 33 10
17145 2017 20171210 20171210 02 06 12 17 25 28 12
17144 2017 20171207 20171207 03 14 16 20 31 32 09
17143 2017 20171205 20171205 04 06 09 14 20 29 14
17142 2017 20171203 20171203 08 13 14 18 23 33 06
17141 2017 20171130 20171130 01 06 07 11 13 15 05
17140 2017 20171128 20171128 21 22 25 28 29 30 08
17139 2017 20171126 20171126 02 14 20 24 28 32 16
17138 2017 20171123 20171123 01 17 24 28 32 33 02
17137 2017 20171121 20171121 05 10 20 23 26 31 03
17136 2017 20171119 20171119 03 07 10 18 21 24 12
17135 2017 20171116 20171116 01 06 07 14 18 26 16
17134 2017 20171114 20171114 04 05 11 14 28 32 04
17133 2017 20171112 20171112 06 15 17 18 23 30 11
17132 2017 20171109 20171109 02 03 05 09 13 28 11
17131 2017 20171107 20171107 01 07 10 11 26 27 11
17130 2017 20171105 20171105 05 13 14 23 25 31 02
17129 2017 20171102 20171102 05 06 09 14 21 33 02
17128 2017 20171031 20171031 02 06 13 22 29 31 08
17127 2017 20171029 20171029 14 15 21 24 27 32 12
17126 2017 20171026 20171026 01 16 17 21 27 30 16
17125 2017 20171024 20171024 01 14 23 25 29 30 03
17124 2017 20171022 20171022 02 06 11 26 28 29 03
17123 2017 20171019 20171019 04 05 06 11 21 31 10
17122 2017 20171017 20171017 11 20 21 22 24 27 15
17121 2017 20171015 20171015 11 18 19 22 24 32 07
17120 2017 20171012 20171012 08 10 15 19 23 28 16
17119 2017 20171010 20171010 09 16 21 25 26 31 14
17118 2017 20171008 20171008 08 09 15 22 30 33 16
17117 2017 20171005 20171005 01 02 08 11 14 21 09
17116 2017 20171003 20171003 02 14 20 22 30 32 02
17115 2017 20171001 20171001 04 10 11 25 30 31 01
17114 2017 20170928 20170928 06 12 13 15 18 26 13
17113 2017 20170926 20170926 04 06 16 27 29 33 05
17112 2017 20170924 20170924 03 10 14 16 22 23 11
17111 2017 20170921 20170921 05 10 17 19 29 32 12
17110 2017 20170919 20170919 01 03 12 15 19 23 14
17109 2017 20170917 20170917 08 14 16 18 21 23 16
17108 2017 20170914 20170914 07 12 14 15 17 20 01
17107 2017 20170912 20170912 08 09 15 17 30 32 06
17106 2017 20170910 20170910 12 15 20 25 27 31 02
17105 2017 20170907 20170907 03 06 07 12 25 26 07
17104 2017 20170905 20170905 01 14 15 20 23 30 14
17103 2017 20170903 20170903 01 21 23 25 31 33 01
17102 2017 20170831 20170831 04 08 10 14 18 20 11
17101 2017 20170829 20170829 01 04 11 28 31 32 16
17100 2017 20170827 20170827 04 07 08 18 23 24 02
17099 2017 20170824 20170824 02 05 06 16 28 29 04
17098 2017 20170822 20170822 04 19 22 27 30 33 01
17097 2017 20170820 20170820 05 10 18 19 30 31 03
17096 2017 20170817 20170817 02 06 11 12 19 29 06
17095 2017 20170815 20170815 09 10 12 19 22 29 16
17094 2017 20170813 20170813 08 11 13 19 28 31 06
17093 2017 20170810 20170810 07 08 09 15 22 27 12
17092 2017 20170808 20170808 10 18 19 29 32 33 09
17091 2017 20170806 20170806 05 07 10 23 28 29 03
17090 2017 20170803 20170803 01 07 10 16 22 33 09
17089 2017 20170801 20170801 11 12 13 16 23 25 12
17088 2017 20170730 20170730 07 09 18 22 23 29 06
17087 2017 20170727 20170727 03 06 13 14 19 28 06
17086 2017 20170725 20170725 03 05 06 13 20 22 07
17085 2017 20170723 20170723 01 05 06 16 25 30 09
17084 2017 20170720 20170720 01 05 11 20 22 24 02
17083 2017 20170718 20170718 03 08 14 20 24 26 12
17082 2017 20170716 20170716 14 18 21 25 28 29 10
17081 2017 20170713 20170713 03 05 14 25 26 30 05
17080 2017 20170711 20170711 01 12 16 20 22 24 08
17079 2017 20170709 20170709 03 07 14 23 25 27 08
17078 2017 20170706 20170706 05 07 18 19 22 24 16
17077 2017 20170704 20170704 01 02 04 15 17 22 14
17076 2017 20170702 20170702 01 04 08 09 14 15 13
17075 2017 20170629 20170629 01 03 06 19 21 29 07
17074 2017 20170627 20170627 02 06 16 23 30 31 02
17073 2017 20170625 20170625 03 06 16 23 26 30 14
17072 2017 20170622 20170622 06 11 14 23 26 30 02
17071 2017 20170620 20170620 02 03 06 14 31 32 03
17070 2017 20170618 20170618 01 06 14 22 25 26 12
17069 2017 20170615 20170615 02 11 12 23 29 31 05
17068 2017 20170613 20170613 02 06 10 22 30 31 15
17067 2017 20170611 20170611 01 03 04 10 18 29 04
17066 2017 20170608 20170608 01 04 06 17 19 26 03
17065 2017 20170606 20170606 02 05 08 10 12 21 07
17064 2017 20170604 20170604 02 10 16 22 24 28 15
17063 2017 20170601 20170601 12 16 20 22 25 31 04
17062 2017 20170530 20170530 01 07 22 24 26 31 10
17061 2017 20170528 20170528 06 07 12 20 26 27 11
17060 2017 20170525 20170525 05 10 13 24 26 31 04
17059 2017 20170523 20170523 04 08 09 15 19 25 09
17058 2017 20170521 20170521 01 09 13 22 28 32 11
17057 2017 20170518 20170518 18 20 22 23 30 31 16
17056 2017 20170516 20170516 13 14 18 19 21 28 06
17055 2017 20170514 20170514 07 12 13 20 24 31 05
17054 2017 20170511 20170511 02 03 09 23 28 33 08
17053 2017 20170509 20170509 04 09 11 15 29 31 06
17052 2017 20170507 20170507 07 08 18 24 29 31 07
17051 2017 20170504 20170504 02 05 09 15 24 25 11
17050 2017 20170502 20170502 10 12 20 24 27 29 07
17049 2017 20170430 20170430 01 08 14 15 20 29 10
17048 2017 20170427 20170427 05 08 09 14 15 19 07
17047 2017 20170425 20170425 02 05 08 10 32 33 02
17046 2017 20170423 20170423 04 13 14 23 26 32 10
17045 2017 20170420 20170420 05 07 16 20 21 25 05
17044 2017 20170418 20170418 08 16 19 21 31 32 06
17043 2017 20170416 20170416 08 13 16 23 27 31 08
17042 2017 20170413 20170413 01 02 04 07 10 23 04
17041 2017 20170411 20170411 04 10 13 15 22 27 04
17040 2017 20170409 20170409 15 19 23 28 29 33 04
17039 2017 20170406 20170406 02 04 12 14 17 24 15
17038 2017 20170404 20170404 01 04 08 13 24 27 05
17037 2017 20170402 20170402 11 15 20 22 25 30 05
17036 2017 20170330 20170330 01 02 05 10 24 27 15
17035 2017 20170328 20170328 01 06 14 24 28 32 12
17034 2017 20170326 20170326 04 07 08 19 32 33 13
17033 2017 20170323 20170323 05 07 15 20 23 30 15
17032 2017 20170321 20170321 05 08 15 24 27 31 11
17031 2017 20170319 20170319 06 10 16 26 27 29 03
17030 2017 20170316 20170316 01 07 09 20 23 30 02
17029 2017 20170314 20170314 02 15 21 23 25 30 10
17028 2017 20170312 20170312 07 08 12 13 22 30 09